# Created by Octave 9.1.0, Fri Apr 19 09:15:03 2024 CEST <thor@cybergalactic.local>
# name: MA
# type: matrix
# rows: 6
# columns: 6
 16578497.452772168 0 0 0 -254572000.01886892 0
 0 41984346.946370587 0 364814786.70238489 0 0
 0 0 20972848.333543073 0 0 0
 0 364814786.70238489 0 13416406467.340223 0 0
 -254572000.01886892 0 0 0 22266718047.104874 0
 0 0 0 0 0 32049072772.063217


# name: MRB
# type: matrix
# rows: 6
# columns: 6
 27162500 0 0 0 -529668750 0
 0 27162500 0 529668750 0 -13581250
 0 0 27162500 0 13581250 0
 0 529668750 0 34774790625 0 -264834375
 -529668750 0 13581250 0 38149731250 0
 0 -13581250 0 -264834375 0 37192253125


# name: D
# type: matrix
# rows: 6
# columns: 6
 437409.9745277217 0 0 0 -8529494.5032905731 0
 0 345734.23473185295 0 6741817.5772711327 0 -172867.11736592648
 0 0 3446293.7696840777 0 1723146.8848420389 0
 0 6741817.5772711327 0 4884106043.90065 0 -3370908.7886355664
 -8529494.5032905731 0 1723146.8848420389 0 7138280704.4683933 0
 0 -172867.11736592648 0 -3370908.7886355664 0 865649325.54368043


# name: G
# type: matrix
# rows: 6
# columns: 6
 0 0 0 0 0 0
 0 0 0 0 0 0
 0 0 6183972.8640000019 0 0 0
 0 0 0 14295789421.588074 0 0
 0 0 0 0 26212305130.516075 0
 0 0 0 0 0 0


